  Excitation WL    Counts 1st    Counts 2nd    Counts Subtraction
       4.20e+02      0.00e+00      5.48e+04              0.00e+00
       4.30e+02      1.86e+06      7.43e+04              1.83e+06
       4.40e+02      3.85e+06      7.48e+04              3.82e+06
       4.47e+02      5.47e+06      7.23e+04              5.43e+06
       4.60e+02      2.02e+06      5.64e+04              2.00e+06
       4.70e+02      5.16e+06      4.58e+04              5.11e+06
       4.80e+02      3.09e+06      3.07e+04              3.06e+06
       4.90e+02      1.69e+06      2.19e+04              1.67e+06
       4.97e+02      1.25e+06      2.13e+04              1.23e+06
       5.10e+02      6.21e+05      1.49e+04              6.06e+05
       5.20e+02      4.19e+05      1.51e+04              4.04e+05
       5.30e+02      2.77e+05      1.52e+04              2.61e+05
       5.40e+02      2.61e+05      1.42e+04              2.46e+05
       5.47e+02      2.58e+05      1.41e+04              2.43e+05
       5.60e+02      2.21e+05      1.09e+04              2.10e+05
       5.70e+02      2.08e+05      3.95e+04              1.69e+05
       5.80e+02      1.58e+05      3.27e+04              1.26e+05
       5.90e+02      1.04e+05      3.44e+04              6.94e+04
